a_1co59=4.8892344E-09
a_2co59=1.1662191E-08
a_3co59=2.0810873E-08
a_4co59=3.7643463E-08
a_5co59=5.2872640E-08
a_6co59=7.5870211E-08
a_7co59=1.4643570E-07
a_8co59=1.8355361E-07
a_9co59=8.6056858E-08
a_10co59=8.2422751E-08
a_11co59=9.6096016E-08
a_12co59=9.3185015E-08
a_13co59=9.5112647E-08
a_14co59=1.0006801E-07
a_15co59=1.0546388E-07
a_16co59=1.0657354E-07
