a_1ne20=2.4515825E-06
a_2ne20=5.0931171E-06
a_3ne20=1.1025186E-05
a_4ne20=3.1056989E-05
a_5ne20=5.1762137E-05
a_6ne20=7.2839059E-05
a_7ne20=1.3641278E-04
a_8ne20=1.2492199E-04
a_9ne20=3.5808531E-05
a_10ne20=3.5997218E-05
a_11ne20=4.5089837E-05
a_12ne20=4.2912405E-05
a_13ne20=5.1780127E-05
a_14ne20=5.8105416E-05
a_15ne20=1.3014599E-04
a_16ne20=7.5022093E-05
