a_1o16=2.4805668E-05
a_2o16=1.2328588E-04
a_3o16=3.1568733E-04
a_4o16=4.7847396E-04
a_5o16=5.3685956E-04
a_6o16=5.7856098E-04
a_7o16=7.0471282E-04
a_8o16=7.7570102E-04
a_9o16=5.2078482E-04
a_10o16=5.7750748E-04
a_11o16=7.9867715E-04
a_12o16=6.5004826E-04
a_13o16=6.0937594E-04
a_14o16=5.8954110E-04
a_15o16=8.7716960E-04
a_16o16=6.5853907E-04
