a_1mg24=7.2928106E-07
a_2mg24=1.5247606E-06
a_3mg24=2.6514713E-06
a_4mg24=7.0941023E-06
a_5mg24=1.2311553E-05
a_6mg24=1.9394414E-05
a_7mg24=3.8089143E-05
a_8mg24=3.1268100E-05
a_9mg24=9.6589756E-06
a_10mg24=1.0203465E-05
a_11mg24=1.1892162E-05
a_12mg24=9.8686151E-06
a_13mg24=7.1175950E-06
a_14mg24=4.3897912E-06
a_15mg24=1.5644780E-05
a_16mg24=1.4931672E-06
