a_1na23=7.8228027E-08
a_2na23=3.6950641E-07
a_3na23=4.5601632E-06
a_4na23=3.5663139E-05
a_5na23=6.7369831E-05
a_6na23=1.0402755E-04
a_7na23=1.6051954E-04
a_8na23=8.6677792E-05
a_9na23=1.4159299E-05
a_10na23=1.2581105E-05
a_11na23=1.8337971E-05
a_12na23=1.1982044E-05
a_13na23=1.0990403E-05
a_14na23=1.1566562E-05
a_15na23=1.1315792E-05
a_16na23=7.8908997E-06
