a_1n14=5.5655069E-06
a_2n14=2.2999175E-05
a_3n14=4.4484797E-05
a_4n14=5.9539674E-05
a_5n14=7.0999202E-05
a_6n14=7.8107267E-05
a_7n14=8.1408318E-05
a_8n14=5.8349066E-05
a_9n14=8.7819688E-05
a_10n14=1.8053420E-02
a_11n14=2.6339877E-02
a_12n14=2.2417251E-02
a_13n14=2.4050770E-02
a_14n14=2.7961347E-02
a_15n14=3.3882614E-02
a_16n14=3.7455510E-02
