a_1p31=1.3895074E-08
a_2p31=2.8103992E-08
a_3p31=5.0044445E-08
a_4p31=8.1997413E-08
a_5p31=7.5094810E-08
a_6p31=6.7535375E-08
a_7p31=9.1922900E-08
a_8p31=2.0365168E-07
a_9p31=2.0470317E-07
a_10p31=2.8309373E-07
a_11p31=4.1646646E-07
a_12p31=3.8474087E-07
a_13p31=5.0992321E-07
a_14p31=8.0709435E-07
a_15p31=1.2114945E-06
a_16p31=9.3825741E-07
