a_1fe54=9.9538454E-08
a_2fe54=2.0428809E-07
a_3fe54=2.8813395E-07
a_4fe54=3.5945973E-07
a_5fe54=3.9557011E-07
a_6fe54=4.1756510E-07
a_7fe54=4.6591006E-07
a_8fe54=5.4855548E-07
a_9fe54=7.4561501E-07
a_10fe54=9.1233511E-07
a_11fe54=1.0756221E-06
a_12fe54=1.2531625E-06
a_13fe54=1.4186168E-06
a_14fe54=1.5777766E-06
a_15fe54=1.7365588E-06
a_16fe54=1.7353495E-06
