a_1si28=9.2046889E-07
a_2si28=1.9153231E-06
a_3si28=2.7629007E-06
a_4si28=3.6043114E-06
a_5si28=4.1102467E-06
a_6si28=4.5889183E-06
a_7si28=6.6705775E-06
a_8si28=1.2707126E-05
a_9si28=1.0036453E-05
a_10si28=1.1731090E-05
a_11si28=1.4725577E-05
a_12si28=1.4690994E-05
a_13si28=1.6846014E-05
a_14si28=2.0680842E-05
a_15si28=2.7258020E-05
a_16si28=2.4328112E-05
