a_1ni58=6.9022676E-08
a_2ni58=1.4165285E-07
a_3ni58=1.9970723E-07
a_4ni58=2.4878668E-07
a_5ni58=2.7350117E-07
a_6ni58=2.8845133E-07
a_7ni58=3.2167998E-07
a_8ni58=3.7995682E-07
a_9ni58=5.1698458E-07
a_10ni58=6.3260944E-07
a_11ni58=7.4580817E-07
a_12ni58=8.6907016E-07
a_13ni58=9.8440762E-07
a_14ni58=1.0954177E-06
a_15ni58=1.2061666E-06
a_16ni58=1.2055874E-06
