a_1p=2.0989175E-01
a_2p=4.1815230E-01
a_3p=5.8713746E-01
a_4p=7.2311097E-01
a_5p=7.9759932E-01
a_6p=8.4182924E-01
a_7p=9.6790051E-01
a_8p=1.1591123E+00
a_9p=1.5814422E+00
a_10p=1.8932219E+00
a_11p=2.1695404E+00
a_12p=2.4815199E+00
a_13p=2.7613583E+00
a_14p=3.0377545E+00
a_15p=3.2871990E+00
a_16p=3.2407217E+00
