a_1he4=6.9691263E-02
a_2he4=1.5968882E-01
a_3he4=2.3906603E-01
a_4he4=3.3673367E-01
a_5he4=3.8728553E-01
a_6he4=4.3158239E-01
a_7he4=5.1148176E-01
a_8he4=5.5201697E-01
a_9he4=5.7936525E-01
a_10he4=7.2548020E-01
a_11he4=9.2238069E-01
a_12he4=1.0935242E+00
a_13he4=1.2807363E+00
a_14he4=1.4634861E+00
a_15he4=1.6662803E+00
a_16he4=1.7123939E+00
