a_1c12=2.5458267E-04
a_2c12=3.7332540E-03
a_3c12=1.1615833E-02
a_4c12=2.3145353E-02
a_5c12=2.9687928E-02
a_6c12=3.5701081E-02
a_7c12=4.8440356E-02
a_8c12=4.9204838E-02
a_9c12=2.3535131E-02
a_10c12=6.8919850E-03
a_11c12=5.0675515E-03
a_12c12=3.4958916E-03
a_13c12=2.7874236E-03
a_14c12=2.5735328E-03
a_15c12=1.9341514E-03
a_16c12=1.2650733E-03
