a_1s32=5.5404109E-07
a_2s32=1.1485836E-06
a_3s32=1.6519339E-06
a_4s32=2.1249778E-06
a_5s32=2.3759933E-06
a_6s32=2.5517388E-06
a_7s32=2.9368343E-06
a_8s32=3.3412475E-06
a_9s32=4.2525530E-06
a_10s32=5.1719821E-06
a_11s32=6.1124074E-06
a_12s32=7.0716560E-06
a_13s32=8.0101199E-06
a_14s32=8.9514888E-06
a_15s32=9.9231775E-06
a_16s32=9.8779092E-06
