a_1al27=8.4527386E-08
a_2al27=1.8718032E-07
a_3al27=2.8412714E-07
a_4al27=5.3465328E-07
a_5al27=9.1537544E-07
a_6al27=1.5716153E-06
a_7al27=5.1919374E-06
a_8al27=1.1206102E-05
a_9al27=3.7225761E-06
a_10al27=3.7482928E-06
a_11al27=5.8352193E-06
a_12al27=4.6675559E-06
a_13al27=6.2457339E-06
a_14al27=1.1912693E-05
a_15al27=2.7533541E-05
a_16al27=3.0621621E-05
