a_1fe56=1.6326549E-06
a_2fe56=3.3755909E-06
a_3fe56=4.8193506E-06
a_4fe56=6.1249866E-06
a_5fe56=6.8131435E-06
a_6fe56=7.2582661E-06
a_7fe56=8.1608523E-06
a_8fe56=9.2734954E-06
a_9fe56=1.2299332E-05
a_10fe56=1.5011542E-05
a_11fe56=1.7697321E-05
a_12fe56=2.0596355E-05
a_13fe56=2.3324556E-05
a_14fe56=2.5952882E-05
a_15fe56=2.8579256E-05
a_16fe56=2.8567700E-05
