c_1si28=1.1061280E-04
c_2si28=1.6997661E-04
c_3si28=2.2674158E-04
c_4si28=2.9132640E-04
c_5si28=3.2950850E-04
c_6si28=3.8076585E-04
c_7si28=4.1789579E-04
c_8si28=4.8033404E-04
c_9si28=6.0270599E-04
c_10si28=7.1674807E-04
c_11si28=8.3370745E-04
c_12si28=9.6692657E-04
c_13si28=1.1049472E-03
c_14si28=1.2261068E-03
c_15si28=1.3502075E-03
