c_1ni58=8.3770983E-06
c_2ni58=1.2872916E-05
c_3ni58=1.7168786E-05
c_4ni58=2.2018367E-05
c_5ni58=2.4867586E-05
c_6ni58=2.8611852E-05
c_7ni58=3.1257441E-05
c_8ni58=3.5612054E-05
c_9ni58=4.3314110E-05
c_10ni58=5.2179366E-05
c_11ni58=6.1226456E-05
c_12ni58=6.9547852E-05
c_13ni58=7.8225261E-05
c_14ni58=8.8397443E-05
c_15ni58=9.7736222E-05
