c_1c12=4.3431410E-04
c_2c12=5.8617140E-04
c_3c12=9.4742549E-04
c_4c12=3.8137210E-03
c_5c12=6.0663689E-03
c_6c12=1.1200707E-02
c_7c12=1.5803665E-02
c_8c12=2.2444481E-02
c_9c12=3.9576113E-02
c_10c12=2.8323758E-02
c_11c12=2.1288591E-02
c_12c12=6.4549344E-03
c_13c12=4.0746704E-03
c_14c12=5.8768215E-03
c_15c12=4.4809151E-03
