c_1fe54=1.2080617E-05
c_2fe54=1.8564020E-05
c_3fe54=2.4758781E-05
c_4fe54=3.1749692E-05
c_5fe54=3.5857509E-05
c_6fe54=4.1256822E-05
c_7fe54=4.5075514E-05
c_8fe54=5.1379488E-05
c_9fe54=6.2618150E-05
c_10fe54=7.5358344E-05
c_11fe54=8.8346678E-05
c_12fe54=1.0034684E-04
c_13fe54=1.1285029E-04
c_14fe54=1.2748146E-04
c_15fe54=1.4086500E-04
