c_1o16=1.6203977E-03
c_2o16=2.4877361E-03
c_3o16=3.3202372E-03
c_4o16=4.3024370E-03
c_5o16=4.8864838E-03
c_6o16=5.6168148E-03
c_7o16=6.1535654E-03
c_8o16=6.8280473E-03
c_9o16=8.2594026E-03
c_10o16=9.9452939E-03
c_11o16=1.1721794E-02
c_12o16=1.2853145E-02
c_13o16=1.1986081E-02
c_14o16=1.3169746E-02
c_15o16=1.1606422E-02
