c_1na23=5.8235955E-06
c_2na23=9.1245183E-06
c_3na23=1.3126330E-05
c_4na23=1.9884490E-05
c_5na23=2.4193805E-05
c_6na23=3.2626456E-05
c_7na23=4.1066618E-05
c_8na23=5.7082732E-05
c_9na23=1.0472120E-04
c_10na23=6.9508133E-05
c_11na23=6.7547277E-05
c_12na23=9.3530332E-05
c_13na23=1.1943477E-04
c_14na23=1.1710259E-04
c_15na23=1.1200184E-04
