c_1co59=5.6898836E-07
c_2co59=8.7435217E-07
c_3co59=1.1683296E-06
c_4co59=1.5283832E-06
c_5co59=1.7518854E-06
c_6co59=2.1018436E-06
c_7co59=2.4126118E-06
c_8co59=3.0286556E-06
c_9co59=5.6226982E-06
c_10co59=7.5923499E-06
c_11co59=7.7674904E-06
c_12co59=1.1683640E-05
c_13co59=1.4699199E-05
c_14co59=1.2757925E-05
c_15co59=1.2585355E-05
