c_1s32=6.7050096E-05
c_2s32=1.0303449E-04
c_3s32=1.3744127E-04
c_4s32=1.7656393E-04
c_5s32=1.9968153E-04
c_6s32=2.3066282E-04
c_7s32=2.5305949E-04
c_8s32=2.9062387E-04
c_9s32=3.6309805E-04
c_10s32=4.3017458E-04
c_11s32=4.9860356E-04
c_12s32=5.7010108E-04
c_13s32=6.4266875E-04
c_14s32=7.2046439E-04
c_15s32=7.9351279E-04
