c_1p31=1.3814207E-06
c_2p31=2.1227982E-06
c_3p31=2.8319373E-06
c_4p31=3.6412775E-06
c_5p31=4.1208032E-06
c_6p31=4.7701906E-06
c_7p31=5.2454952E-06
c_8p31=6.0556758E-06
c_9p31=7.8020466E-06
c_10p31=9.4148063E-06
c_11p31=1.0909214E-05
c_12p31=1.3717761E-05
c_13p31=1.6404420E-05
c_14p31=1.7650545E-05
c_15p31=1.9544048E-05
