c_1fe56=1.9808147E-04
c_2fe56=3.0438622E-04
c_3fe56=4.0601878E-04
c_4fe56=5.2141701E-04
c_5fe56=5.8951782E-04
c_6fe56=6.8038073E-04
c_7fe56=7.4569805E-04
c_8fe56=8.5453567E-04
c_9fe56=1.0574632E-03
c_10fe56=1.2546005E-03
c_11fe56=1.4599061E-03
c_12fe56=1.6594743E-03
c_13fe56=1.8656984E-03
c_14fe56=2.1028440E-03
c_15fe56=2.3211637E-03
