c_1mg24=8.7182983E-05
c_2mg24=1.3397232E-04
c_3mg24=1.7871536E-04
c_4mg24=2.2965531E-04
c_5mg24=2.5976179E-04
c_6mg24=3.0029076E-04
c_7mg24=3.2981898E-04
c_8mg24=3.7952510E-04
c_9mg24=4.7732747E-04
c_10mg24=5.4614665E-04
c_11mg24=6.3711184E-04
c_12mg24=7.2670984E-04
c_13mg24=7.9570920E-04
c_14mg24=8.7489304E-04
c_15mg24=7.2622928E-04
