c_1he4=1.1652166E-01
c_2he4=1.8002293E-01
c_3he4=2.3808227E-01
c_4he4=3.0669135E-01
c_5he4=3.4662616E-01
c_6he4=4.0828267E-01
c_7he4=4.5667326E-01
c_8he4=5.4124922E-01
c_9he4=7.1175647E-01
c_10he4=7.8033078E-01
c_11he4=8.7645590E-01
c_12he4=1.0866084E+00
c_13he4=1.3218949E+00
c_14he4=1.4775413E+00
c_15he4=1.6939743E+00
