c_1n14=2.7197978E-04
c_2n14=5.1513722E-04
c_3n14=7.7580399E-04
c_4n14=1.0637022E-03
c_5n14=1.1907041E-03
c_6n14=1.4200073E-03
c_7n14=1.5581057E-03
c_8n14=1.9026874E-03
c_9n14=2.4665620E-03
c_10n14=3.0219301E-03
c_11n14=3.4875984E-03
c_12n14=3.8207959E-02
c_13n14=5.5446859E-02
c_14n14=4.7999971E-02
c_15n14=4.9886949E-02
