c_1ne20=2.7411495E-04
c_2ne20=4.2122381E-04
c_3ne20=5.6175678E-04
c_4ne20=7.2108320E-04
c_5ne20=8.1537373E-04
c_6ne20=9.4278227E-04
c_7ne20=1.0370542E-03
c_8ne20=1.1990031E-03
c_9ne20=1.5411379E-03
c_10ne20=1.7854759E-03
c_11ne20=2.0534913E-03
c_12ne20=2.3706532E-03
c_13ne20=2.6835778E-03
c_14ne20=2.9829456E-03
c_15ne20=3.2889093E-03
