c_1p=3.0307159E-01
c_2p=4.6473736E-01
c_3p=6.2166309E-01
c_4p=7.9525018E-01
c_5p=8.9794147E-01
c_6p=1.0254403E+00
c_7p=1.1130402E+00
c_8p=1.2585208E+00
c_9p=1.5341545E+00
c_10p=1.9040931E+00
c_11p=2.2422068E+00
c_12p=2.4839659E+00
c_13p=2.7079306E+00
c_14p=3.0357342E+00
c_15p=3.2787342E+00
