c_1al27=9.8319551E-06
c_2al27=1.5108650E-05
c_3al27=2.0216941E-05
c_4al27=2.6315820E-05
c_5al27=2.9998262E-05
c_6al27=3.5179008E-05
c_7al27=3.9089136E-05
c_8al27=4.5611265E-05
c_9al27=6.0142145E-05
c_10al27=7.5318472E-05
c_11al27=8.6993969E-05
c_12al27=1.0764402E-04
c_13al27=1.2672364E-04
c_14al27=1.2921038E-04
c_15al27=1.3823745E-04
