b_1mg24=4.0183375E-05
b_2mg24=6.2641739E-05
b_3mg24=8.9886475E-05
b_4mg24=1.1549135E-04
b_5mg24=1.2999309E-04
b_6mg24=1.4969439E-04
b_7mg24=1.6527913E-04
b_8mg24=1.9449319E-04
b_9mg24=2.3155639E-04
b_10mg24=2.6862326E-04
b_11mg24=3.1646076E-04
b_12mg24=3.5883722E-04
b_13mg24=3.4740462E-04
b_14mg24=3.5429158E-04
b_15mg24=7.5605909E-05
