b_1ne20=1.2632908E-04
b_2ne20=1.9689521E-04
b_3ne20=2.8209927E-04
b_4ne20=3.6220881E-04
b_5ne20=4.0797284E-04
b_6ne20=4.7046269E-04
b_7ne20=5.2731234E-04
b_8ne20=6.3235156E-04
b_9ne20=7.8639842E-04
b_10ne20=8.8040257E-04
b_11ne20=1.0302338E-03
b_12ne20=1.1973376E-03
b_13ne20=1.3675299E-03
b_14ne20=1.4958248E-03
b_15ne20=1.6718893E-03
