b_1c12=1.9349670E-04
b_2c12=4.3538757E-04
b_3c12=2.1897876E-03
b_4c12=5.9970072E-03
b_5c12=9.3114385E-03
b_6c12=1.2374557E-02
b_7c12=2.3832459E-02
b_8c12=3.4958828E-02
b_9c12=3.9042376E-02
b_10c12=2.4417708E-02
b_11c12=9.2198206E-03
b_12c12=5.4081874E-03
b_13c12=5.1317979E-03
b_14c12=5.3576259E-03
b_15c12=4.3370174E-03
