b_1si28=5.0982260E-05
b_2si28=7.9480677E-05
b_3si28=1.1399750E-04
b_4si28=1.4642446E-04
b_5si28=1.6472957E-04
b_6si28=1.8956960E-04
b_7si28=2.0729769E-04
b_8si28=2.3897877E-04
b_9si28=2.9741784E-04
b_10si28=3.5663790E-04
b_11si28=4.2151773E-04
b_12si28=4.9260777E-04
b_13si28=5.7038723E-04
b_14si28=6.1934354E-04
b_15si28=6.8325672E-04
