b_1fe56=9.1297232E-05
b_2fe56=1.4232293E-04
b_3fe56=2.0405841E-04
b_4fe56=2.6187961E-04
b_5fe56=2.9430503E-04
b_6fe56=3.3833357E-04
b_7fe56=3.6730172E-04
b_8fe56=4.1925535E-04
b_9fe56=5.1074004E-04
b_10fe56=6.1266223E-04
b_11fe56=7.1701629E-04
b_12fe56=8.1862480E-04
b_13fe56=9.1595051E-04
b_14fe56=1.0398907E-03
b_15fe56=1.1461766E-03
