b_1he4=1.0457381E-01
b_2he4=1.6504456E-01
b_3he4=2.3535514E-01
b_4he4=3.0914918E-01
b_5he4=3.5142183E-01
b_6he4=4.0033284E-01
b_7he4=4.6736491E-01
b_8he4=5.6439453E-01
b_9he4=6.7961890E-01
b_10he4=7.3432416E-01
b_11he4=9.0906578E-01
b_12he4=1.1143415E+00
b_13he4=1.3737462E+00
b_14he4=1.5115795E+00
b_15he4=1.7472677E+00
