b_1o16=7.4358174E-04
b_2o16=1.1657119E-03
b_3o16=1.7016223E-03
b_4o16=2.2552800E-03
b_5o16=2.5475891E-03
b_6o16=2.9360724E-03
b_7o16=3.2288390E-03
b_8o16=3.5949813E-03
b_9o16=4.3496271E-03
b_10o16=5.2519608E-03
b_11o16=6.0685910E-03
b_12o16=6.1010174E-03
b_13o16=5.1099006E-03
b_14o16=5.5778599E-03
b_15o16=3.8337316E-03
