b_1na23=2.7892252E-06
b_2na23=4.4501603E-06
b_3na23=7.2475168E-06
b_4na23=1.1405898E-05
b_5na23=1.4645696E-05
b_6na23=1.7661549E-05
b_7na23=3.8428836E-05
b_8na23=7.6987097E-05
b_9na23=5.8929178E-05
b_10na23=3.5532401E-05
b_11na23=4.6587542E-05
b_12na23=6.6763896E-05
b_13na23=9.5542098E-05
b_14na23=7.3682895E-05
b_15na23=4.4496537E-05
