b_1co59=2.6225104E-07
b_2co59=4.0960671E-07
b_3co59=5.9540321E-07
b_4co59=7.8763901E-07
b_5co59=9.1532797E-07
b_6co59=1.0857531E-06
b_7co59=1.4725147E-06
b_8co59=2.2156091E-06
b_9co59=4.5772586E-06
b_10co59=4.3214245E-06
b_11co59=4.8472648E-06
b_12co59=6.3168982E-06
b_13co59=7.1834302E-06
b_14co59=6.2542135E-06
b_15co59=6.2537792E-06
