b_1p31=6.3671490E-07
b_2p31=9.9270198E-07
b_3p31=1.4246237E-06
b_4p31=1.8321834E-06
b_5p31=2.0644702E-06
b_6p31=2.3789871E-06
b_7p31=2.6335370E-06
b_8p31=3.0967890E-06
b_9p31=4.1234266E-06
b_10p31=5.0082617E-06
b_11p31=6.2983845E-06
b_12p31=8.0010423E-06
b_13p31=1.0947352E-05
b_14p31=1.0208330E-05
b_15p31=1.1715912E-05
