b_1fe54=5.5680148E-06
b_2fe54=8.6787686E-06
b_3fe54=1.2429738E-05
b_4fe54=1.5914742E-05
b_5fe54=1.7839016E-05
b_6fe54=2.0463600E-05
b_7fe54=2.1938504E-05
b_8fe54=2.4746609E-05
b_9fe54=3.0218460E-05
b_10fe54=3.7011640E-05
b_11fe54=4.3444488E-05
b_12fe54=4.9563241E-05
b_13fe54=5.5488686E-05
b_14fe54=6.3089261E-05
b_15fe54=6.9554670E-05
