b_1n14=1.3589203E-04
b_2n14=2.5398569E-04
b_3n14=3.9682881E-04
b_4n14=5.5391208E-04
b_5n14=6.3632731E-04
b_6n14=6.8543298E-04
b_7n14=8.0121565E-04
b_8n14=9.8789483E-04
b_9n14=1.2165122E-03
b_10n14=1.6482362E-03
b_11n14=2.3662671E-02
b_12n14=4.5793969E-02
b_13n14=6.5644041E-02
b_14n14=4.8638634E-02
b_15n14=5.4027166E-02
