b_1p=2.8376853E-01
b_2p=4.4020039E-01
b_3p=6.3104135E-01
b_4p=8.0030239E-01
b_5p=8.9401174E-01
b_6p=1.0312068E+00
b_7p=1.0868647E+00
b_8p=1.2190336E+00
b_9p=1.5381209E+00
b_10p=1.9156566E+00
b_11p=2.1933677E+00
b_12p=2.4491441E+00
b_13p=2.6363025E+00
b_14p=2.9891160E+00
b_15p=3.2054648E+00
