b_1s32=3.0903790E-05
b_2s32=4.8177513E-05
b_3s32=6.9091584E-05
b_4s32=8.8721310E-05
b_5s32=9.9781020E-05
b_6s32=1.1479262E-04
b_7s32=1.2526753E-04
b_8s32=1.4397220E-04
b_9s32=1.7724623E-04
b_10s32=2.1044734E-04
b_11s32=2.4618840E-04
b_12s32=2.8239057E-04
b_13s32=3.1699863E-04
b_14s32=3.5689535E-04
b_15s32=3.9278081E-04
