b_1ni58=3.8610769E-06
b_2ni58=6.0182465E-06
b_3ni58=8.6202162E-06
b_4ni58=1.1037894E-05
b_5ni58=1.2372500E-05
b_6ni58=1.4191309E-05
b_7ni58=1.5201307E-05
b_8ni58=1.7125749E-05
b_9ni58=2.0901307E-05
b_10ni58=2.5650581E-05
b_11ni58=3.0116133E-05
b_12ni58=3.4358258E-05
b_13ni58=3.8479924E-05
b_14ni58=4.3770429E-05
b_15ni58=4.8282520E-05
