b_1al27=4.5333140E-06
b_2al27=7.0985388E-06
b_3al27=1.0316508E-05
b_4al27=1.3476796E-05
b_5al27=1.5362570E-05
b_6al27=1.7857885E-05
b_7al27=2.0187555E-05
b_8al27=2.4158173E-05
b_9al27=3.4131368E-05
b_10al27=4.0610194E-05
b_11al27=4.6727284E-05
b_12al27=5.9689577E-05
b_13al27=8.1328712E-05
b_14al27=7.0576461E-05
b_15al27=9.5398951E-05
