d_1p=2.9179156E-01
d_2p=4.5269319E-01
d_3p=6.0623962E-01
d_4p=7.6891685E-01
d_5p=8.6273539E-01
d_6p=9.2530721E-01
d_7p=1.0786533E+00
d_8p=1.2335814E+00
d_9p=1.5249571E+00
d_10p=1.8198951E+00
d_11p=2.1436353E+00
d_12p=2.4007888E+00
d_13p=2.6526232E+00
d_14p=2.8888535E+00
d_15p=3.1366744E+00
d_16p=3.3890154E+00
