d_1n14=6.6175999E-04
d_2n14=1.2511010E-03
d_3n14=1.8783476E-03
d_4n14=2.5051604E-03
d_5n14=2.8122102E-03
d_6n14=3.0212691E-03
d_7n14=3.6905988E-03
d_8n14=4.3056328E-03
d_9n14=5.6565693E-03
d_10n14=7.1123466E-03
d_11n14=8.6255157E-03
d_12n14=1.0460553E-02
d_13n14=1.6426099E-02
d_14n14=3.9068915E-02
d_15n14=4.1823216E-02
d_16n14=4.2709935E-02
