d_1fe54=3.1149266E-05
d_2fe54=4.8301517E-05
d_3fe54=6.4300977E-05
d_4fe54=8.1091042E-05
d_5fe54=9.0736590E-05
d_6fe54=9.7166812E-05
d_7fe54=1.1356211E-04
d_8fe54=1.3087300E-04
d_9fe54=1.6390771E-04
d_10fe54=1.9521636E-04
d_11fe54=2.2679471E-04
d_12fe54=2.5793840E-04
d_13fe54=2.9173499E-04
d_14fe54=3.2412150E-04
d_15fe54=3.5838742E-04
d_16fe54=3.9193276E-04
