d_1al27=2.5351184E-05
d_2al27=3.9310278E-05
d_3al27=5.2331532E-05
d_4al27=6.5995955E-05
d_5al27=7.3846219E-05
d_6al27=7.9080222E-05
d_7al27=9.2719536E-05
d_8al27=1.0805021E-04
d_9al27=1.3861095E-04
d_10al27=1.6805589E-04
d_11al27=1.9307711E-04
d_12al27=2.2355531E-04
d_13al27=2.5326770E-04
d_14al27=2.9196567E-04
d_15al27=3.1608023E-04
d_16al27=3.3911737E-04
