d_1fe56=5.1074289E-04
d_2fe56=7.9198042E-04
d_3fe56=1.0543210E-03
d_4fe56=1.3296203E-03
d_5fe56=1.4877745E-03
d_6fe56=1.5932062E-03
d_7fe56=1.8626623E-03
d_8fe56=2.1505083E-03
d_9fe56=2.7071363E-03
d_10fe56=3.2373327E-03
d_11fe56=3.7403009E-03
d_12fe56=4.2494647E-03
d_13fe56=4.8021809E-03
d_14fe56=5.3400630E-03
d_15fe56=5.8996845E-03
d_16fe56=6.4499588E-03
