d_1o16=4.1855187E-03
d_2o16=6.4889956E-03
d_3o16=8.6365929E-03
d_4o16=1.0892148E-02
d_5o16=1.2183144E-02
d_6o16=1.3041234E-02
d_7o16=1.5067452E-02
d_8o16=1.7231239E-02
d_9o16=2.1144016E-02
d_10o16=2.5026163E-02
d_11o16=2.9133303E-02
d_12o16=3.2698974E-02
d_13o16=3.5938345E-02
d_14o16=3.8192943E-02
d_15o16=4.0670808E-02
d_16o16=4.3520469E-02
