d_1na23=1.4716185E-05
d_2na23=2.2975932E-05
d_3na23=3.1667161E-05
d_4na23=4.2182710E-05
d_5na23=4.9051745E-05
d_6na23=5.3539075E-05
d_7na23=6.7620305E-05
d_8na23=8.4794869E-05
d_9na23=1.2845088E-04
d_10na23=1.5821191E-04
d_11na23=1.6233959E-04
d_12na23=1.8891699E-04
d_13na23=2.2751275E-04
d_14na23=2.6568462E-04
d_15na23=3.0087386E-04
d_16na23=3.3377725E-04
