d_1mg24=2.2479688E-04
d_2mg24=3.4857981E-04
d_3mg24=4.6404405E-04
d_4mg24=5.8521802E-04
d_5mg24=6.5482530E-04
d_6mg24=7.0122938E-04
d_7mg24=8.1991759E-04
d_8mg24=9.4724435E-04
d_9mg24=1.1949923E-03
d_10mg24=1.4293804E-03
d_11mg24=1.6397070E-03
d_12mg24=1.8592752E-03
d_13mg24=2.1024081E-03
d_14mg24=2.3330324E-03
d_15mg24=2.5636493E-03
d_16mg24=2.7730300E-03
