d_1ni58=2.1600315E-05
d_2ni58=3.3493936E-05
d_3ni58=4.4588505E-05
d_4ni58=5.6231558E-05
d_5ni58=6.2919840E-05
d_6ni58=6.7378882E-05
d_7ni58=7.8749188E-05
d_8ni58=9.0756090E-05
d_9ni58=1.1363259E-04
d_10ni58=1.3523689E-04
d_11ni58=1.5716792E-04
d_12ni58=1.7877755E-04
d_13ni58=2.0222510E-04
d_14ni58=2.2472201E-04
d_15ni58=2.4859107E-04
d_16ni58=2.7198545E-04
