d_1p31=3.5619346E-06
d_2p31=5.5232831E-06
d_3p31=7.3528181E-06
d_4p31=9.2728133E-06
d_5p31=1.0375737E-05
d_6p31=1.1111028E-05
d_7p31=1.2993848E-05
d_8p31=1.5025524E-05
d_9p31=1.9017965E-05
d_10p31=2.2934819E-05
d_11p31=2.6424443E-05
d_12p31=3.0236573E-05
d_13p31=3.4187142E-05
d_14p31=3.8998638E-05
d_15p31=4.2761989E-05
d_16p31=4.6643057E-05
