d_1si28=2.8520936E-04
d_2si28=4.4226053E-04
d_3si28=5.8875664E-04
d_4si28=7.4249209E-04
d_5si28=8.3080766E-04
d_6si28=8.8968419E-04
d_7si28=1.0402692E-03
d_8si28=1.2018036E-03
d_9si28=1.5164100E-03
d_10si28=1.8194758E-03
d_11si28=2.0988414E-03
d_12si28=2.3885430E-03
d_13si28=2.6992788E-03
d_14si28=3.0205508E-03
d_15si28=3.3303406E-03
d_16si28=3.6369101E-03
