d_1co59=1.4671334E-06
d_2co59=2.2749675E-06
d_3co59=3.0285348E-06
d_4co59=3.8193448E-06
d_5co59=4.2736433E-06
d_6co59=4.5764918E-06
d_7co59=5.3706995E-06
d_8co59=6.3386633E-06
d_9co59=8.5931824E-06
d_10co59=1.1415319E-05
d_11co59=1.2764168E-05
d_12co59=1.5601703E-05
d_13co59=1.7460188E-05
d_14co59=2.3073560E-05
d_15co59=2.3176479E-05
d_16co59=2.4083976E-05
