d_1he4=1.3571687E-01
d_2he4=2.1010150E-01
d_3he4=2.7616647E-01
d_4he4=3.4395081E-01
d_5he4=3.8254172E-01
d_6he4=4.0824518E-01
d_7he4=4.7950003E-01
d_8he4=5.6186771E-01
d_9he4=7.3096633E-01
d_10he4=8.8496161E-01
d_11he4=9.8903501E-01
d_12he4=1.1635184E+00
d_13he4=1.3753262E+00
d_14he4=1.5996650E+00
d_15he4=1.8175741E+00
d_16he4=2.0252657E+00
