d_1ne20=7.0681813E-04
d_2ne20=1.0960068E-03
d_3ne20=1.4590514E-03
d_4ne20=1.8400397E-03
d_5ne20=2.0589039E-03
d_6ne20=2.2048058E-03
d_7ne20=2.5772757E-03
d_8ne20=2.9756902E-03
d_9ne20=3.7571993E-03
d_10ne20=4.5141466E-03
d_11ne20=5.1981201E-03
d_12ne20=5.9096767E-03
d_13ne20=6.6723512E-03
d_14ne20=7.4510318E-03
d_15ne20=8.2074776E-03
d_16ne20=8.9624217E-03
