d_1c12=1.1481456E-03
d_2c12=1.5886654E-03
d_3c12=1.9305469E-03
d_4c12=2.3221546E-03
d_5c12=2.5898018E-03
d_6c12=2.7675023E-03
d_7c12=4.1759722E-03
d_8c12=9.3938569E-03
d_9c12=2.0739544E-02
d_10c12=2.7138792E-02
d_11c12=1.8922599E-02
d_12c12=1.9551646E-02
d_13c12=1.5313132E-02
d_14c12=7.4966811E-03
d_15c12=5.5313623E-03
d_16c12=5.5576432E-03
