d_1s32=1.7288810E-04
d_2s32=2.6808420E-04
d_3s32=3.5688508E-04
d_4s32=4.5007491E-04
d_5s32=5.0360913E-04
d_6s32=5.3929823E-04
d_7s32=6.3055870E-04
d_8s32=7.2834780E-04
d_9s32=9.1844937E-04
d_10s32=1.1009434E-03
d_11s32=1.2701584E-03
d_12s32=1.4437303E-03
d_13s32=1.6309682E-03
d_14s32=1.8175862E-03
d_15s32=2.0052074E-03
d_16s32=2.1905086E-03
